Contador:
1     [25.0, 6.25, 1.5625, 31.25, 9.375, 2.73438]
2     [34.375, 11.32812, 3.51562, 35.9375, 12.5, 4.0039]
3     [36.81641, 13.20801, 4.30298, 37.3291, 13.63525, 4.48456]
4     [37.63428, 13.89313, 4.59442, 37.81738, 14.04877, 4.6608]
5     [37.92763, 14.1427, 4.70088, 37.9941, 14.1994, 4.72507]
6     [38.0342, 14.23362, 4.73967, 38.0584, 14.25427, 4.74849]

Comparando Resultados na np.linalg.solve biblioteca Numpy:

[38.0952381  14.28571429  4.76190476 38.0952381  14.28571429  4.76190476]